MS_SAMPLE_ID	MS_SAMPLE_ID2	Sample	Microbes	Culture	Media	Strain	Alanine_1Bz	Arginine_1Bz	Asparagine_1Bz	Aspartic Acid_1Bz	Beta-Alanine_1Bz	Citrulline_1Bz	Glutamic Acid_1Bz	Glutamine_1Bz	Glycine_1Bz	Histidine_1Bz	Isoleucine_1Bz	Leucine_1Bz	Lysine_2Bz	N-acetylputrescine_1Bz	Ornithine_2Bz	Phenylalanine_1Bz	Proline_1Bz	Serine_1Bz	Threonine_1Bz	Tyrosine_2Bz	Valine_1Bz
01_B_SA_R09	1_B_SA_R09	1	B	Single	SA	R09	3165630	3860230	384121	1106859		154228	3601639	379785	724902	709328	1100626	2261296	2374880	767686	1474585	1481100	1564923	2202241	1304055	1387111	1212170
02_B_SA_R09	2_B_SA_R09	2	B	Single	SA	R09	2421746	3576903	323630	963897		19037	2576203	256034	607820	473666	1042323	2386394	2411451	713994	451574	1594004	829148	1578943	916569	1086526	1100127
03_B_SA_R09	3_B_SA_R09	3	B	Single	SA	R09	2145733	4391444	373257	1029297		57681	2669958	378672	531697	835977	1014539	2142590	2340882	767958	1036806	1398827	950010	1772599	1072698	1018126	1048244
04_F_B_SA_R09	4_FB_SA_R09	4	FB	Coculture	SA	R09	1974617	5759161	435392	1040718	275624	59557	2503680	467607	3935485	874184	1372324	2773109	2770924	426731	1174444	1864190	1254250	1860738	1511134	1391101	1571406
05_F_B_SA_R09	5_FB_SA_R09	5	FB	Coculture	SA	R09	1467417	8756626	485677	1050631	433693	18958	2476517	324314	507571	702904	1037018	2527310	3473626	490307	400839	1810047	1401474	1360183	1086882	1063040	1333676
06_F_B_SA_R09	6_FB_SA_R09	6	FB	Coculture	SA	R09	1502288	6184487	487102	927209	324983	37165	2114719	320915	661931	864273	1093653	2327487	2603887	503823	815336	1627169	1065248	1853368	1190576	1016765	1252359
07_B_SA_R16	7_B_SA_R16	7	B	Single	SA	R16	1790427	7736553	633768	392030	2636114	19367	1119117	425663	447277	702044	915167	2097055	3464339	2013602	853042	1204485	2443802	1055676	1060850	1235393	1050185
08_B_SA_R16	8_B_SA_R16	8	B	Single	SA	R16	1262312	3933040	472494	368821	2173326	28591	854065	253781	397325	602979	808058	1842915	2683560	1838248	599763	979964	1960246	1053743	841387	1032368	854805
09_B_SA_R16	9_B_SA_R16	9	B	Single	SA	R16	1663098	7111896	510070	579795	2753602	58895	1290557	306144	542745	1012238	907160	2210538	3418842	1861355	952674	1252283	2565596	1543278	991244	1059878	915632
10_F_B_SA_R16	10_FB_SA_R16	10	FB	Coculture	SA	R16	3032641	9825432	1014958	1724382	611847	39607	2596094	527923	1344703	4888663	2022922	4092540	8980665	996856	8688362	2858318	4488910	5149444	2980673	3052426	2338469
11_F_B_SA_R16	100_MediaC_SA_Media	100	MediaC	Control	SA	Media	1672500	6259901	721029	608311	453681	25052	1359354	386710	554988	994382	1371269	3169368	4630193	886989	711330	2011468	2070658	1551493	1454347	1629356	1578447
12_F_B_SA_R16	101_MediaC_SA_Media	101	MediaC	Control	SA	Media	2446066	10687540	866459	1263122	436788	780091	2196483	402393	1507426	5218668	1779852	3726296	7237144	769813	3117616	2542505	3032158	3651470	2291265	1990178	2125653
13_B_SA_R147	102_MediaC_SA_Media	102	MediaC	Control	SA	Media	10567092	9545082	2366825	1967233	6252483	382556	8038964	745713	1929280	3605211	6250921	13174918	6100747	1464770	8907148	8697060	22933708	5496986	4424689	8397950	8765664
14_B_SA_R147	103_MediaC_SA_Media	103	MediaC	Control	SA	Media	6756889	7375888	1276495	2347777	5274522	1069949	10373582	505983	1385145	2771424	1927066	4204506	4538818	1571649	6464486	3324264	11149213	4760008	2760290	3223627	2475538
15_B_SA_R147	104_MediaC_SA_Media	104	MediaC	Control	SA	Media	17826467	10820179	3050469	4017407	7465250	572160	22589142	804349	3887073	2535875	9485930	13151576	7738214	1753678	9691050	3753714	18870283	9645543	7288656	3434202	29218654
16_F_B_SA_R147	11_FB_SA_R16	11	FB	Coculture	SA	R16	6051307	8131215	852070	2643742	794208	74302	9958315	974810	1019693	1356816	2164502	4923860	16078937	968221	1957030	3763449	4449365	2741115	3940525	2721929	2742072
17_F_B_SA_R147	12_FB_SA_R16	12	FB	Coculture	SA	R16	5046589	6671655	860715	2927766	1094217	80747	9536779	687199	1000345	1515289	1806978	4497235	4059610	942149	1947325	2927813	3623907	2948674	2382444	2438314	2227454
18_F_B_SA_R147	13_B_SA_R147	13	B	Single	SA	R147	3001248	6537852	814476	3029375	956915	134878	6942892	670665	1161716	1992783	1931294	4506568	4391760	881044	3307145	2966681	4255106	3334549	2200086	2210911	2304514
19_B_SA_R318	14_B_SA_R147	14	B	Single	SA	R147	2903686	15263494	512321	688081	2460017	29122	1784357	635260	613749	763857	1183819	2968909	4957674	1919399	5743529	1807541	4530543	1506348	1815211	1822545	3667369
20_B_SA_R318	15_B_SA_R147	15	B	Single	SA	R147	1819607	16217451	548840	831622	2444284	53731	1629244	480553	548182	1019219	1219024	3159074	7755793	1631251	5603509	2183116	2853883	1924223	1765390	1719224	1547901
21_B_SA_R318	16_FB_SA_R147	16	FB	Coculture	SA	R147	1537328	23812043	430565	619251	1742316	87671	1101512	288615	543098	737475	1019751	2676812	7382836	1547849	3133356	1725758	2192096	1405539	1076902	1509045	1296534
22_F_B_SA_R318	17_FB_SA_R147	17	FB	Coculture	SA	R147	4487291	17151408	844072	1351536	656624	136023	2936340	831993	856262	1668218	2333673	5119291	8935556	1259359	2545793	3213922	5167890	2909450	3293056	2986421	7009445
23_F_B_SA_R318	18_FB_SA_R147	18	FB	Coculture	SA	R147	2576259	16418534	626204	1024104	510417	131655	1862889	623691	736698	1524990	1896244	4410509	7592185	1136546	1526209	2751585	2490163	2410414	2523920	2461280	2457117
24_Media_SA_Media	19_B_SA_R318	19	B	Single	SA	R318	19313298	10808086	3765985	4308350	11443164	620413	13971513	1030688	5291648	4537044	7002702	16058973	4565140	1355324	13345998	10053489	32037697	11264920	9434791	8229499	11837768
25_F_B_SA_R318	20_B_SA_R318	20	B	Single	SA	R318	2806582	14895600	1129825	2003075	559331	847954	3100940	428853	1148557	3322831	2077374	4527334	7970015	864870	3498912	3069530	3582642	5095127	2803279	3174706	2735700
26_B_SA_R329	21_B_SA_R318	21	B	Single	SA	R318	5542830	3672987	387717	1635425		73029	4242492	362408	2316811	1178224	1053177	2332391	3267190	367289	3153529	1629578	2261194	2210847	1301841	1258124	1283091
27_B_SA_R329	22_FB_SA_R318	22	FB	Coculture	SA	R318	4125166	13109134	757026	1808763		181577	3291753	424249	829943	2141098	1537726	3823959	5677100	173497	3446068	2539152	1685828	3207011	1910363	2346698	1869289
28_B_SA_R329	23_FB_SA_R318	23	FB	Coculture	SA	R318	4138008	12275292	778227	1810387		942989	4464619	346265	2753763	2850330	1215846	2862962	6293850	231655	2226496	1886925	2322817	3887107	1797777	2228263	1581176
29_F_B_SA_R329	24_Media_SA_Media	24	Media	Control	SA	Media	4433628	12837672	960548	1991104		141201	5761923	501094	947151	1951773	2235261	4634086	7536123	177442	2892260	3352462	3017221	3086026	2689709	2551272	5968671
30_F_B_SA_R329	25_FB_SA_R318	25	FB	Coculture	SA	R318	3432160	17110944	1065626	1938002		126972	4458032	523091	845525	2302613	2492263	5417156	7829518	133737	1805482	3510931	1743414	3179117	2598408	3116050	2858932
31_F_B_SA_R329	26_B_SA_R329	26	B	Single	SA	R329	3058198	15128123	870435	1704657		94900	3652591	488385	885415	2212210	2268581	4772866	7995806	242519	2040066	3353329	1741725	2821084	2179223	2127086	2720654
32_B_SA_R420	27_B_SA_R329	27	B	Single	SA	R329	13910817	9652842	1680937	1828033	8597685	761347	5217802	341273	13504463	2161823	2595532	4928839	5143586	1504074	2749827	2783235	33759609	4564575	2652866	2561173	6296715
33_B_SA_R420	28_B_SA_R329	28	B	Single	SA	R329	13136131	9315995	1666539	2038084	7286936	558825	6253470	297490	2161426	1992092	1592417	3391146	4751051	1578819	2074779	2033906	25366348	3722318	2849229	2187918	5282414
34_B_SA_R420	29_FB_SA_R329	29	FB	Coculture	SA	R329	14809296	11538429	3055156	3595768	7392081	623662	6785628	352396	2740224	2016767	1503730	3268532	4987236	1371917	1926676	2545519	19675062	7196703	3377058	2726409	5667953
35_F_B_SA_R420	30_FB_SA_R329	30	FB	Coculture	SA	R329	4353695	10525437	1024514	3359302	1570728	179513	9667698	439913	1073326	1793245	1521326	3251613	5427036	843151	2740353	2657886	7613954	2838681	2102363	2176684	1960470
36_F_B_SA_R420	31_FB_SA_R329	31	FB	Coculture	SA	R329	3373050	14083910	1013426	2970424	1066718	92014	5807875	426348	1305191	2406697	1932708	4175239	6709874	815209	2945635	3154115	3928515	3262782	2494028	3057570	2470114
37_F_B_SA_R420	32_B_SA_R420	32	B	Single	SA	R420	3208481	14755940	827258	2577982	1284298	142440	3988807	418396	919673	2037333	1526859	3391672	5875170	682730	1152109	2870899	4263491	2474361	1903979	2646166	1973238
38_B_SA_R431	33_B_SA_R420	33	B	Single	SA	R420	12767171	13669948	1234977	1646798	8472122	525968	8905425	689287	1525131	2269043	2135191	4428526	10513466	1842977	4665700	3208855	62065889	3624489	3150870	2656062	3951075
39_B_SA_R431	34_B_SA_R420	34	B	Single	SA	R420	10032078	17088066	1540747	2128533	6441336	478169	9600834	541692	2197122	2304478	3135985	5124333	8628615	1595985	6758795	2610451	27623520	4045162	3380766	3003731	5390834
40_B_SA_R431	35_FB_SA_R420	35	FB	Coculture	SA	R420	7453980	8943743	1723218	1348715	7016649	464699	5086642	540387	2302942	1201128	1866353	3764542	3467768	1645125	2639885	1775456	25026069	3809690	3350986	1650142	2754122
41_F_B_SA_R431	36_FB_SA_R420	36	FB	Coculture	SA	R420	4850172	11377237	1073740	2777821	1186605	157942	10574352	876977	1833776	1419805	2198800	4603161	5995862	894141	1783546	3351525	7565249	2725452	2754820	2710802	2533225
42_F_B_SA_R431	37_FB_SA_R420	37	FB	Coculture	SA	R420	2995023	14052859	837092	1793838	1134853	134860	5522594	541906	754994	1777765	1616657	3253851	6359510	909500	1349297	2552512	4475299	2447929	1786971	2368819	1902431
43_F_B_SA_R431	38_B_SA_R431	38	B	Single	SA	R431	4426089	11065164	810388	3108700	3102985	234554	7038756	782066	1487448	2260879	2282147	4542995	7723986	783705	2866306	2746411	11206153	4351928	3693791	1651266	3211581
44_B_SA_R565	39_B_SA_R431	39	B	Single	SA	R431	2173364	10268113	567765	601799	1602403	660791	1772642	495505	1799558	880187	3719180	6590616	9557808	3536595	10074682	3969362	2567347	1756301	2289880	2879845	3553550
45_B_SA_R565	40_B_SA_R431	40	B	Single	SA	R431	3498153	28385372	1008260	941684	1865048	760034	2426238	497096	983645	2888064	4211894	7507228	18327370	3083455	7615485	4670871	2671824	3252768	3387025	4048301	4344395
46_B_SA_R565	41_FB_SA_R431	41	FB	Coculture	SA	R431	2183907	13889957	614511	680371	2004887	774868	1385004	328988	677207	1506210	2248659	4351674	5079408	3691279	8524157	2664894	2560178	2476863	1921247	3085725	2253083
47_Media_SA_Media	42_FB_SA_R431	42	FB	Coculture	SA	R431	20199500	16316780	1763145	2324170	9838221	635661	14185331	682577	2722593	2177259	5179681	7937717	9339077	1767383	9012456	3815423	30731028	5122868	5081627	2818282	10065047
48_Media_SA_Media	43_FB_SA_R431	43	FB	Coculture	SA	R431	12033042	24010811	1413203	2003226	7371602	654321	10704899	648497	2015128	4072524	3208710	6249782	15123357	1800439	8457700	4447545	37010104	4615383	3786980	5958674	6736848
49_F_B_SA_R565	44_B_SA_R565	44	B	Single	SA	R565	3688062	9140502	485905	980050	880741	164532	2342435	483432	704054	965101	3117507	6089494	4708900	2334352	2204190	3658354	2399021	2300193	2753312	2887295	3181750
50_F_B_SA_R565	45_B_SA_R565	45	B	Single	SA	R565	2683267	8420047	471312	1177682	630110	152001	1787886	428704	866775	1479485	2804586	5668106	4267240	2021355	2685391	3575091	2764486	2776429	2272858	2907241	2937995
51_F_B_SA_R565	46_B_SA_R565	46	B	Single	SA	R565	2665145	12105219	568410	949847	654256	132838	2058697	492580	771048	1387758	2677828	5271979	4360384	1829380	1954175	3191072	2785595	2570534	2764324	2923524	2980563
52_B_SA_R568	47_Media_SA_Media	47	Media	Control	SA	Media	4739476	6398100	388038	1081911	3483208	145899	2131516	481885	884248	1184473	2103762	5255317	5134255	1755064	1927100	3406664	7040894	2788487	2531814	2348092	2621535
53_B_SA_R568	48_Media_SA_Media	48	Media	Control	SA	Media	4139035	7683064	457038	1506365	3198972	423450	2158333	523348	1210380	3178178	2787212	6087665	4959784	1530652	2579871	4043335	4910492	4032369	3144168	3335250	3305029
54_B_SA_R568	49_FB_SA_R565	49	FB	Coculture	SA	R565	8613583	8885451	1846818	3236803	5254618	310455	11363509	808514	3035256	2672750	4024380	9231652	4449002	915166	5043049	3952655	9450801	6209894	4855979	4185432	6520966
55_F_B_SA_R568	50_FB_SA_R565	50	FB	Coculture	SA	R565	14202243	8212793	1913987	3341344	7104214	393816	13750170	921812	3523565	2493949	5053167	11492653	4738373	1089433	6685091	4735681	19599116	6964801	6437760	3969090	17901127
56_F_B_SA_R568	51_FB_SA_R565	51	FB	Coculture	SA	R565	3817202	8458250	976593	3855011	1284722	94112	11993339	714649	1354134	2398098	2718169	6816928	6416065	795481	4260233	4699383	4053553	4493171	3060555	3909269	3400455
57_F_B_SA_R568	52_B_SA_R568	52	B	Single	SA	R568	3621176	13108016	599200	1433752	789517	109560	2787433	626913	1056967	2050635	2690433	5930170	6903547	842477	2308251	3855295	3261732	3620126	3330954	2881200	3473629
58_B_SA_R651	53_B_SA_R568	53	B	Single	SA	R568	2751458	7418410	580935	1839045	563271	15040	3666404	423637	1812177429	1236399	1736043	4232827	5829591	3540476	2927367	3065152	3501053	2456666	2674243	2656680	2105690
59_B_SA_R651	54_B_SA_R568	54	B	Single	SA	R568	2135521	11846095	627548	1498941	386470	59367	3117834	320902	724318	1499976	1447662	4245381	7401954	3327271	1926063	2810558	2427931	2648926	1647364	2078776	1860025
60_B_SA_R651	55_FB_SA_R568	55	FB	Coculture	SA	R568	2198027	9827156	598324	1461662	305399	31491	3431801	424645	652257	1440218	1833717	5028505	8269142	3239013	1345028	3606765	1260763	2362609	1623295	2482989	2076086
61_F_B_SA_R651	56_FB_SA_R568	56	FB	Coculture	SA	R568	3896153	7164047	588106	1879262	420608	101005	4399846	475143	1152549	2346648	2498181	5019002	6914454	1489813	5428273	3549927	2509601	3888617	3008871	2321353	2896631
62_F_B_SA_R651	57_FB_SA_R568	57	FB	Coculture	SA	R568	2788248	10577698	771323	1772821		215798	3595951	427295	807670	1941309	2539128	5819687	7607079	1096644	1523109	3963916	1758433	3002734	2502122	2899595	2752228
63_F_B_SA_R651	58_B_SA_R651	58	B	Single	SA	R651	2198762	7115993	489266	1550321		36294	3593172	352905	711456	1759540	1996515	4925445	5901184	1750139	3096912	3460067	1775608	2905390	1894687	2443097	2303740
64_B_SA_R695	59_B_SA_R651	59	B	Single	SA	R651	20306146	7415945	2835283	2312620	12755460	502816	10829818	697070	6557126	1742385	2486528	7066379	5241116	518309	2715518	3873306	25087286	8130430	6822008	2850729	5194507
65_B_SA_R695	60_B_SA_R651	60	B	Single	SA	R651	9842891	5906507	1905830	3726552	6786664	455208	16859419	508830	2605227	2808936	2047918	5319251	3794394	378483	5687422	4466269	12482133	8028965	4555526	3872381	4092930
66_B_SA_R695	61_FB_SA_R651	61	FB	Coculture	SA	R651	8159269	5564598	1913153	3103121	6205212	547774	16042431	548854	2144818	1871447	1991341	5480174	3810525	371880	3133777	5807902	12318337	6911494	3617922	4760231	3698693
67_F_B_SA_R695	62_FB_SA_R651	62	FB	Coculture	SA	R651	3952936	6873395	678094	1933634	1427957	99211	5090747	503729	827047	1007942	2213772	5964009	3890456	465586	904514	4082536	1945713	2418084	2526185	2487348	2762117
68_F_B_SA_R695	63_FB_SA_R651	63	FB	Coculture	SA	R651	2701490	7070174	518917	1774812	774443	62108	4090138	478457	951375	1468610	1892789	4726459	3942145	415028	1673265	3380061	2314458	2759089	2252008	2353169	2373904
69_F_B_SA_R695	64_B_SA_R695	64	B	Single	SA	R695	1484372	24758417	412764	655507	1690175	107113	1128268	291928	535500	819556	1105477	2852782	7619630	1614560	3608711	1816364	2360649	1520574	1084670	1459570	1283675
70_F_SA_F16	65_B_SA_R695	65	B	Single	SA	R695	4529383	8083876	758892	2059602	3003941	92911	5308247	952077	1041338	2072595	2420225	5743039	5438835	1463215	3618835	4026573	13107201	3623636	3365588	3230418	2886804
71_Media_SA_Media	66_B_SA_R695	66	B	Single	SA	R695	22208600	6524628	3746345	2974687	12875931	747419	10670059	1052370	5747304	2448948	4078808	9699285	4512809	1510290	10257634	4542650	18829563	11479073	7914354	4288185	7350563
72_Media_SA_Media	67_FB_SA_R695	67	FB	Coculture	SA	R695	12146958	15170951	3505005	3578964	8733174	516980	14592148	1074942	2906255	3121011	6457946	16098313	5356499	1298996	6888931	13109289	15500660	9686695	7435533	9435548	10004492
73_F_SA_F16	68_FB_SA_R695	68	FB	Coculture	SA	R695	5432364	8210757	853533	2126209	3462999	120767	7739302	894531	1054365	1489426	2522344	5981087	6155626	1483583	1553533	4121451	9555275	3415657	3575874	3421345	3022176
74_F_SA_F16	69_FB_SA_R695	69	FB	Coculture	SA	R695	3006543	8253349	806238	1783108	2223558	22449	5117268	748190	908182	1404887	2700724	6742486	5601104	1350392	981123	4427874	9024657	2973245	2827413	3219463	3217814
75_B_F_SA_F16	70_F_SA_F16	70	F	Single	SA	F16	2589694	4546803	249326	616246	426245		1467481	140636	640922	578275	1243759	2229262	3401184	918883	491511	1490224	1316413	1292915	1358710	1349562	1314509
76_B_F_SA_F16	71_Media_SA_Media	71	Media	Control	SA	Media	1510214	4340242	396321	622455			1073093	49908	670927	1099975	1209265	2059236	3664864	579722	2124402	1504860	1865430	1937684	1278976	1385315	1282674
77_B_F_SA_F16	72_Media_SA_Media	72	Media	Control	SA	Media	2102652	13737380	496261	649476		25620	1543447	201799	461942	1102612	2099742	3865622	7062940	661590	470659	2496322	2133826	1544680	1605975	2195383	2100967
78_F_SA_F147	73_F_SA_F16	73	F	Single	SA	F16	10173671	9460641	1223659	2183729	2964675	210333	6843594	642654	2439830	1133469	3115027	5784615	4711809	721784	1889204	2928391	10217027	3879809	4323784	2776321	6815749
79_F_SA_F147	74_F_SA_F16	74	F	Single	SA	F16	7378553	7886590	1400459	2896948	3761800	224188	11534577	712944	1621045	1538013	2848634	6099201	5059518	1078402	3345314	3640787	9290360	3921036	1747843	2913927	4490660
80_F_SA_F147	75_BF_SA_F16	75	BF	Coculture	SA	F16	9985725	6727499	1832731	2146521	3622708	313248	8358966	688684	2604029	1324184	3855073	7975524	5428826	944585	3498230	3593249	10913596	5392770	4426872	3006100	10068153
81_B_F_SA_F147	76_BF_SA_F16	76	BF	Coculture	SA	F16	2405289	4950310	412182	596084			1422419	130881	610271	694206	1114321	2369923	4146964	565808	541180	1703370	1224982	1253678	1351331	1617334	1294116
82_B_F_SA_F147	77_BF_SA_F16	77	BF	Coculture	SA	F16	1545223	5757281	263903	610944		110976	1201978	128908	511122	752967	882181	1889715	3266838	599529	658957	1310957	760201	1309096	967195	1056303	1026588
83_B_F_SA_F147	78_F_SA_F147	78	F	Single	SA	F147	1794570	5963958	360255	539051		188110	1325134	138851	516606	1157036	1344374	2692194	4411815	367546	506596	1758097	1015301	1586275	1371786	1478673	1524809
84_F_SA_F212	79_F_SA_F147	79	F	Single	SA	F147	7495777	5619422	990277	3230319	808661	54037	12196371	601545	1609086	1079436	2220181	5526567	4446466	1010503	1046711	3365379	3709982	2975273	2675543	2654521	2710525
85_F_SA_F212	80_F_SA_F147	80	F	Single	SA	F147	8088695	13235722	1564364	3153867	857345	69893	8401164	749989	1040190	2276095	2410354	7229754	9123238	1098687	707060	4275131	4073558	3724504	2652150	3154260	3139114
86_F_SA_F212	81_BF_SA_F147	81	BF	Coculture	SA	F147	5207812	10626428	1357667	3552110	734999	71942	8480850	679522	1115203	1869989	2888199	7705187	8821760	990950	984085	4855459	3404609	3692477	2617657	3467111	3556945
87_B_F_SA_F212	82_BF_SA_F147	82	BF	Coculture	SA	F147	2137505	4173390	395960	505445		20381	1173704	141841	499587	625517	1291557	2298459	3482861	503121	336536	1793403	2561566	1111324	1481968	1368649	1595139
88_B_F_SA_F212	83_BF_SA_F147	83	BF	Coculture	SA	F147	1928720	6589348	516082	561315		34195	1245105	159255	484437	823675	1386640	2484138	4550546	530036	439076	1852635	1079789	1554508	1422978	1799563	1621925
89_B_F_SA_F212	84_F_SA_F212	84	F	Single	SA	F212	2195121	8679668	639004	708612		283652	1459123	213365	550505	1550608	1923375	3973211	6820022	678202	1011316	2698166	1275727	2316047	1515196	2135569	2171901
90_F_SA_F243	85_F_SA_F212	85	F	Single	SA	F212	13588842	6890660	3480708	2117373	7796589	617325	6990498	823011	6043690	1495745	4972216	11379969	4505749	1262644	5434807	3508399	15149865	10605640	6948566	2719715	8426162
91_F_SA_F243	86_F_SA_F212	86	F	Single	SA	F212	13369589	15513891	3662400	2274960	10748140	219398	7204789	736679	8493984	2609094	4608434	10742340	10784625	1376885	1242057	4761166	10276266	7290942	3976065	4027304	5272722
93_B_F_SA_F243	87_BF_SA_F212	87	BF	Coculture	SA	F212	1508767	6139419	410564	488015		11937	1033110	162477	535780	712946	1692330	2920721	5271380	843023	295661	2013072	805040	1308125	1248993	1824739	1723322
94_B_F_SA_F243	88_BF_SA_F212	88	BF	Coculture	SA	F212	2388934	8330707	604090	1244228		416749	1493893	182332	1260089	4031983	2086403	3439259	6378941	795497	6080741	2374890	2519271	4629732	2050580	2250871	2194341
95_B_F_SA_F243	89_BF_SA_F212	89	BF	Coculture	SA	F212	2348239	14389925	579120	883166		75593	1513893	305198	623431	1250745	2173434	3800791	6206966	1007699	791354	2572215	1427128	2003253	2339141	2354013	2425992
96_Media_SA_Media	90_F_SA_F243	90	F	Single	SA	F243	17854440	28593407	3621263	2348897	8396848	447359	8995969	832223	8939547	3942883	7180341	16222942	17713554	1349425	1543332	7254318	31294113	7314703	4373592	6533658	7699200
97_Media_C_SA_Media_C	91_F_SA_F243	91	F	Single	SA	F243	7476059	14688888	2517090	2690425	6475522	419031	4792209	625756	2578942	3895476	6995892	15103622	13283797	1116808	7919772	9819196	16798013	8272003	5041817	5811919	8504853
98_Media_C_SA_Media_C	93_BF_SA_F243	93	BF	Coculture	SA	F243	10976762	24862257	3792852	3639348	8680817	501130	8667939	874961	5862895	5849744	9524996	21944135	18409821	1296004	13375445	14795443	17835922	11035219	8046221	9777863	11194537
99_Media_C_SA_Media_C	94_BF_SA_F243	94	BF	Coculture	SA	F243	12454965	25013523	3936756	3897619	7880056	528634	10665619	903210	3563120	7270546	12130044	27682653	22220837	1321571	14238381	17600607	20772480	12000640	9097098	12753327	14580255
100_Media_C_SA_Media_C	95_BF_SA_F243	95	BF	Coculture	SA	F243	11289933	33925744	4222405	4285649	7262586	701385	9448883	798930	3847453	6889844	12141215	26277016	22482238	1269008	13457286	17406510	31581061	12560061	8898755	13068459	13908772
101_Media_C_SA_Media_C	96_MediaC_SA_Media	96	MediaC	Control	SA	Media	10409247	26090623	3751930	3279799	9333029	568243	8919093	978831	3461437	6161143	9474924	21646447	17529372	1379811	11002686	14388803	18422203	10587255	8126290	10038834	10704378
102_Media_C_SA_Media_C	97_MediaC_SA_Media	97	MediaC	Control	SA	Media	11449785	31583418	4705536	3756661	9213541	606132	11151014	1050327	3455489	5845745	11195122	25800285	17344939	1331693	10241086	17336214	20080314	10976724	8667714	11281400	13577838
103_Media_C_SA_Media_C	98_MediaC_SA_Media	98	MediaC	Control	SA	Media	10844323	22413341	4052447	4701457	7726590	533281	8486687	861983	3809349	8066204	11030354	23249449	22243960	1191267	23821364	15569884	19928792	14198346	8495201	12257783	12824734
104_Media_C_SA_Media_C	99_MediaC_SA_Media	99	MediaC	Control	SA	Media	11451896	29248569	4031118	4589001	8907841	582729	9846515	931309	3726099	7053242	10136870	22368009	19105748	1303954	15500332	14826124	19310472	12324334	8948497	9145110	12389033
Pool_62h_00	Pool_62h_01	Pool	62h	Control	1	Pool1	4360652	8762475	1189369	1273728	2095879	229198	4039318	414934	15307070	2068227	2844762	5900623	5624917	1160025	3396973	3684628	7813375	3658079	2142109	4370899	3977066
Pool_62h_03	Pool_62h_02	Pool	62h	Control	2	Pool2	7543897	9836903	1121614	1923145	3530992	234525	6319955	468098	21952269	1842347	3227830	6865091	6520257	1206369	3892084	4483546	6741768	3715356	3427255	3945615	4274691
Pool_62h_06	Pool_62h_03	Pool	62h	Control	3	Pool3	4663861	9676673	1142872	1843977	2671387	249638	4744696	454952	22304796	2015149	2544890	5630546	6002986	1062766	3344065	3622039	6764871	3706862	2861184	3793991	3652533
Pool_62h_07	Pool_62h_04	Pool	62h	Control	4	Pool4	4807133	10757345	1255022	1846328	2669700	245128	5054669	492772	22058306	2169855	2749396	5739645	5955821	1146322	3395820	3876917	6682158	3999472	2901497	3779128	3630371
Pool_62h_10	Pool_62h_05	Pool	62h	Control	5	Pool5	4751790	10121455	1101737	1654219	2630064	207437	4944191	423937	20427938	2178912	3078769	6749150	6729425	1129223	3676803	4243191	7154222	3896107	2718793	4208406	4146883
Pool_62h_11	Pool_62h_06	Pool	62h	Control	6	Pool6	5126227	11688656	1188991	1764641	2629041	239171	5554749	516355	19444535	2363322	3077355	6707782	6718158	1194255	3846475	4445577	7797500	4201450	3110181	4274093	4183554
Std_MixAA_250_01	Pool_62h_07	Pool	62h	Control	7	Pool7	3894961	11103283	2946892	2925588		2038465	3618895	3970426	1512686	9850391	4711654	6774887	19529089	71856984	13338268	5506279	34504127	3638042	4204556	10084725	5720641
Std_MixAA_250_02	Pool_62h_08	Pool	62h	Control	8	Pool8	2764876	11337857	2890731	2604578	104197	2104077	3535536	4435256	1165883	10373421	5836721	8399997	25458462	72753193	14784699	6378548	34862611	3583608	3779722	10585417	5464454